0.295416116
0.295173096
0.294938736
0.292164822
0.292541549
0.294613792
0.292539746
2611.065217193
3028.819420049
0.540231486
0.329423657
0.295081937
0.296772807
362.056602771
685.498770598
0.633269516
653.005005418
1.08990218
433.098827379
179.264907491
178.925228432
58.533041197
107.965794973
1.120332059
1.073007393
96.570919612
1.019136108
1.066074391
1.047528151
75.336223713
6.437827237
77.062387991
76.462929374
74.125082112
2.003550853
548.415444896
591.315935998
251.511683426
3.85147554
731.78887434
608.948924697
